Dreifing faganna er eftirfarandi, (fyrri tala taknar fag og su seinni stokk):
1 1
2 5
3 4
4 1
5 3
6 1
7 2
8 4
9 4
10 2
11 2
12 5
13 1
14 5
15 5
16 1
17 2
18 1
19 5
20 7
21 4
22 3
23 1
24 2
25 5
26 4
27 3
28 2
29 5
30 1
31 3
32 1
33 5
34 4
35 5
36 5
37 3
38 5
39 5
40 3
41 1
42 2
43 2
44 5
45 5
46 5
47 1
48 1
49 2
50 2
51 3
52 1
53 5
54 2
55 1
56 5
57 2
58 3
59 1
60 5
61 8
62 5
63 4
64 2
65 5
66 4
67 5
68 2
69 5
70 5
71 1
72 5
73 5
74 5
75 6
76 2
77 3
78 2
79 4
80 3
81 2
82 5
83 4
84 5
85 4
86 1
87 2
88 5
89 1
90 2
91 1
92 8
93 4
94 2
95 8
96 7
97 3
98 5
99 5
100 1
101 5
102 4
103 5
104 4
105 3
106 8
107 5
108 6
109 4
110 5
111 5
112 5
113 5
114 7
115 4
116 5
117 2
118 1
119 1
120 4
121 1
122 3
123 6
124 3
125 2
126 2
127 5
128 3
129 3
130 5
131 1
132 3
133 4
134 5
135 3
136 4
137 3
138 2
139 1
140 5
141 2
