Hver lina er hvert fag og tolurnar eru fj nemenda i theim fogum
44
 11
 43
 22
 20
 30
 26
 28
 97
 17
 42
 38
 40
 49
 74
 68
 16
 24
 18
 16
 17
 12
 1
 8
 16
 245
 58
 35
 4
 31
 26
 56
 2
 17
 2
 1
 10
 9
 10
 147
 67
 50
 299
 173
 92
 18
 39
 96
 40
 43
 75
 53
 45
 42
 36
 71
 35
 60
 83
 29
 35
 5
 50
 45
 28
 128
 103
 16
 65
 22
 37
 6
 15
 19
 12
 4
 68
 63
 71
 43
 45
 47
 14
 6
 23
 30
 20
 23
 6
 48
 28
 28
 29
 29
 26
 25
 29
 3
 3
 28
 2
 177
 27
 40
 38
 338
 318
 45
 45
 53
 47
 152
 12
 216
 27
 5
 83
 354
 100
 138
 72
 110
 299
 284
 24
 31
 33
 41
 83
 12
 126
 131
 25
 23
 57
 52
 80
 18
 37
 15
 31
 