Dreifing faganna er eftirfarandi, (fyrri tala taknar fag og su seinni stokk):
1 4
2 4
3 2
4 3
5 5
6 4
7 8
8 8
9 8
10 5
11 2
12 5
13 3
14 1
15 8
16 8
17 3
18 4
19 5
20 1
21 6
22 4
23 7
24 4
25 2
26 7
27 8
28 7
29 4
30 8
31 2
32 4
33 3
34 5
35 6
36 2
37 1
38 5
39 5
40 8
41 7
42 4
43 5
44 1
45 2
46 1
47 7
48 2
49 5
50 5
51 8
52 8
53 5
54 8
55 1
56 4
57 1
58 5
59 8
60 8
61 7
62 3
63 3
64 5
65 3
66 8
67 3
68 1
69 5
70 4
71 8
72 5
73 4
74 5
75 8
76 3
77 4
78 3
79 8
80 8
81 8
82 6
83 1
84 5
85 8
86 8
87 1
88 7
89 6
90 5
91 4
92 2
93 1
94 3
95 5
96 6
97 7
98 6
99 8
100 5
101 1
102 6
103 8
104 5
105 1
106 8
107 8
108 1
109 4
110 6
111 6
112 3
113 1
114 8
115 8
116 4
117 8
118 8
119 8
120 8
121 5
122 4
123 8
124 4
125 8
126 5
127 4
128 5
129 8
130 8
131 8
132 5
133 6
134 8
135 8
136 8
137 4
138 1
139 7
140 4
141 5
